{"asset":{"generator":"Khronos glTF Spline I/O v0.0.1","version":"2.0"},"scenes":[{"nodes":[0]}],"nodes":[{"name":"","children":[1,2,3,4,5,6,7,8]},{"name":"Screen","matrix":[1,0,0,0,0,1,0,0,0,0,1,0,-246.32929788233514,29.99999999999998,488.10413729937807,1],"children":[9]},{"name":"Board","matrix":[0.4329120245392337,0,-0.9014361757824816,0,0,1,0,0,0.9014361757824816,0,0.4329120245392337,0,-248.14034559509696,30,487.23438705756166,1],"children":[10]},{"name":"Tree","matrix":[-0.38674942616337965,2.3835273626324264e-32,-4.736314468230587e-17,0,-4.734168383456428e-17,-2.575101365761232e-16,0.3865741850427848,0,4.710666348602068e-33,0.3821746575539409,8.48598208489239e-17,0,115.63284603731712,9.98285091982753,427.750874783787,1.0000000000000002],"children":[11,12,13,14,15,16,17,18,19,20,21,22,23,24,25,26,27,28,29,30,31,32,33,34,35,36,37,38,39,40,41,42,43,44,45,46,47,48,49,50,51,52,53]},{"name":"Block","matrix":[-0.38674942616337965,2.383527362632426e-32,-4.736314468230587e-17,0,-4.7363144682306906e-17,-2.5762687061229636e-16,0.38674942616338853,0,4.767054725264969e-33,0.3867494261633892,8.587562353743227e-17,0,461.720749611347,1.9895196601282813e-13,-287.40264456486733,1.0000000000000002],"children":[54,55,56,57,58,59,60,61,62,63,64,65,66,67,68,69,70,71,72,73,74,75,76,77,78,79,80,81,82,83,84,85,86,87,88,89,90,91,92,93,94,95,96,97,98,99,100,101,102,103,104,105,106,107,108,109,110,111,112,113,114,115,116,117,118,119,120,121,122,123,124,125,126,127,128,129,130,131,132,133,134,135,136,137,138,139,140,141,142,143,144,145,146,147]},{"name":"Building","matrix":[-0.38674942616337965,2.383527362632426e-32,-4.736314468230587e-17,0,-4.7363144682306906e-17,-2.5762687061229636e-16,0.38674942616338853,0,4.767054725264969e-33,0.3867494261633892,8.587562353743227e-17,0,533.8706627233115,7.815970093361103e-14,-6.7978324566087185,1.0000000000000002],"children":[148,149,150,151,152,153,154,155,156,157,158,159,160,161,162,163,164,165,166,167,168,169,170,171,172,173,174,175,176,177,178,179,180,181,182,183,184,185,186,187,188,189,190,191,192,193,194,195,196,197,198,199,200,201,202,203,204,205,206,207,208,209,210,211,212,213,214,215,216,217,218,219,220,221,222,223,224,225,226,227,228,229,230,231,232,233,234,235,236,237,238,239,240,241,242,243,244,245,246,247,248,249,250,251,252,253,254,255,256,257,258,259,260,261,262,263,264,265,266,267,268,269,270,271,272,273,274,275,276,277,278,279,280,281,282,283,284,285,286,287,288,289,290,291,292,293,294,295,296,297,298,299,300,301,302,303,304,305,306,307,308,309,310,311,312,313,314,315,316,317,318,319,320,321,322,323,324,325,326,327,328,329,330]},{"name":"Fave","matrix":[-1.0000000000000149,6.162975822039246e-32,-1.2246467991473717e-16,0,-1.2246467991473988e-16,-6.661338147751188e-16,1.0000000000000375,0,1.2325951644078797e-32,1.0000000000000393,2.2204460492503994e-16,0,401.22202941622976,6.974530906783514e-14,10.021266914782645,1],"children":[331]},{"name":"Park","matrix":[-1.0000000000000149,6.162975822039246e-32,-1.2246467991473717e-16,0,-1.2246467991473988e-16,-6.661338147751188e-16,1.0000000000000375,0,1.2325951644078797e-32,1.0000000000000393,2.2204460492503994e-16,0,-167.83055983633176,-1.334421664550574e-13,467.558786440408,1],"children":[332]},{"name":"personal","camera":0,"translation":[412.83853115577523,364.0807174781965,1182.4859398000924],"rotation":[-0.16439901977297244,0.38221214455250246,0.06930197902999892,0.906688521244638]},{"name":"Rectangle","matrix":[0.43291202453923394,4.683138538224567e-32,-0.9014361757824833,0,-2.257773418855997e-31,0.9999999999999996,4.074886428737908e-31,0,0.9014361757824809,-7.121618271587616e-33,0.4329120245392333,0,0,0,0,1],"mesh":0},{"name":"Cube","matrix":[-1,9.86076131526265e-32,-1.2246467991473537e-16,0,-1.224646799147354e-16,-8.881784197001256e-16,1.0000000000000007,0,1.2325951644078312e-32,1.0000000000000007,2.220446049250313e-16,0,1.925929944387236e-34,7.703719777548943e-34,-0.009069262379739486,1],"mesh":1},{"name":"Pyramid 15","matrix":[0.9475435728727234,0.3196266220257499,4.163336342344331e-16,0,-7.395570986446986e-32,-1.1102230246251583e-15,1.0000000000000013,0,0.3196266220257504,-0.9475435728727247,-8.881784197001254e-16,0,1240.9271960253968,-87.2089183074579,-8.499999999999899,1.0000000000000002],"mesh":2},{"name":"Pyramid 9","matrix":[0.9475435728727234,0.3196266220257499,4.163336342344331e-16,0,-7.395570986446986e-32,-1.1102230246251583e-15,1.0000000000000013,0,0.3196266220257504,-0.9475435728727247,-8.881784197001254e-16,0,115.01839770617207,-506.379971467818,-8.499999999999782,1.0000000000000002],"mesh":3},{"name":"Pyramid 16","matrix":[0.9475435728727234,0.3196266220257499,4.163336342344331e-16,0,-7.395570986446986e-32,-1.1102230246251583e-15,1.0000000000000013,0,0.3196266220257504,-0.9475435728727247,-8.881784197001254e-16,0,1192.3992103513408,574.3800364775745,-8.500000000000197,1.0000000000000002],"mesh":4},{"name":"Pyramid 35","matrix":[0.8942268920337978,-0.4476139693570477,1.4561936545932462e-16,0,-3.0531133177191825e-16,-4.44089209850063e-16,1,0,-0.4476139693570484,-0.8942268920337991,-5.163133522477727e-16,0,2714.271838237288,-1170.2953080644097,-8.499999999999321,1.0000000000000002],"mesh":5},{"name":"Pyramid 13","matrix":[0.9475435728727234,0.3196266220257499,4.163336342344331e-16,0,-7.395570986446986e-32,-1.1102230246251583e-15,1.0000000000000013,0,0.3196266220257504,-0.9475435728727247,-8.881784197001254e-16,0,942.0547267669602,539.1915765548167,-8.500000000000197,1.0000000000000002],"mesh":6},{"name":"Pyramid 18","matrix":[0.9475435728727234,0.3196266220257499,4.163336342344331e-16,0,-7.395570986446986e-32,-1.1102230246251583e-15,1.0000000000000013,0,0.3196266220257504,-0.9475435728727247,-8.881784197001254e-16,0,729.2916549088098,56.72986243345254,-8.499999999999995,1.0000000000000002],"mesh":7},{"name":"Pyramid 35","matrix":[0.8942268920337978,-0.4476139693570477,1.4561936545932462e-16,0,-3.0531133177191825e-16,-4.44089209850063e-16,1,0,-0.4476139693570484,-0.8942268920337991,-5.163133522477727e-16,0,2667.562661861047,-1107.5646967300595,-8.499999999999352,1.0000000000000002],"mesh":8},{"name":"Pyramid 12","matrix":[0.9475435728727234,0.3196266220257499,4.163336342344331e-16,0,-7.395570986446986e-32,-1.1102230246251583e-15,1.0000000000000013,0,0.3196266220257504,-0.9475435728727247,-8.881784197001254e-16,0,864.6240559634789,550.2082899962644,-8.500000000000208,1.0000000000000002],"mesh":9},{"name":"Pyramid 36","matrix":[0.6801097606093982,0.733110301062415,3.8101105875172816e-16,0,5.82867087928208e-16,-8.881784197001268e-16,1.000000000000001,0,0.7331103010624159,-0.6801097606093991,-9.817628676671469e-16,0,-546.4711621270399,1366.3088903042672,-8.500000000000663,1.0000000000000002],"mesh":10},{"name":"Pyramid 39","matrix":[2.776686567836201e-16,1.0004069886929328,-0.000002213163491887091,0,-2.7755452810423958e-17,0.000002212263125800366,0.9999999999975545,0,0.9995932165373991,-2.2195428085178805e-16,6.301823695586112e-17,0,726.4997434033596,-392.7685130790559,-8.500000000000078,1.0000000000000002],"mesh":11},{"name":"Pyramid 5","matrix":[0.9475435728727234,0.3196266220257499,4.163336342344331e-16,0,-7.395570986446986e-32,-1.1102230246251583e-15,1.0000000000000013,0,0.3196266220257504,-0.9475435728727247,-8.881784197001254e-16,0,149.35944644202152,-191.51094403237553,-8.49999999999992,1.0000000000000002],"mesh":12},{"name":"Pyramid 4","matrix":[0.9475435728727234,0.3196266220257499,4.163336342344331e-16,0,-7.395570986446986e-32,-1.1102230246251583e-15,1.0000000000000013,0,0.3196266220257504,-0.9475435728727247,-8.881784197001254e-16,0,-36.71555360804425,-162.4805412400155,-8.499999999999945,1.0000000000000002],"mesh":13},{"name":"Pyramid 27","matrix":[0.8848138076005473,0.4659447669836202,7.632486115713441e-16,0,8.326672684688699e-17,-1.7763568394002584e-15,1.000000000000004,0,0.4659447669836214,-0.8848138076005495,-1.5731535781391393e-15,0,-1348.0010935184773,-278.0616161335593,-8.499999999999977,1.0000000000000002],"mesh":14},{"name":"Pyramid 26","matrix":[0.9475435728727234,0.3196266220257499,4.163336342344331e-16,0,-7.395570986446986e-32,-1.1102230246251583e-15,1.0000000000000013,0,0.3196266220257504,-0.9475435728727247,-8.881784197001254e-16,0,-1402.2184224917232,-296.35027558004697,-8.499999999999972,1.0000000000000002],"mesh":15},{"name":"Pyramid 22","matrix":[0.9475435728727234,0.3196266220257499,4.163336342344331e-16,0,-7.395570986446986e-32,-1.1102230246251583e-15,1.0000000000000013,0,0.3196266220257504,-0.9475435728727247,-8.881784197001254e-16,0,-674.1541133335114,-842.1561323021082,-8.499999999999682,1.0000000000000002],"mesh":16},{"name":"Pyramid 20","matrix":[0.9475435728727234,0.3196266220257499,4.163336342344331e-16,0,-7.395570986446986e-32,-1.1102230246251583e-15,1.0000000000000013,0,0.3196266220257504,-0.9475435728727247,-8.881784197001254e-16,0,-978.9618138162089,-267.6555511767565,-8.499999999999957,1.0000000000000002],"mesh":17},{"name":"Pyramid 3","matrix":[0.9475435728727234,0.31962662202574976,1.1102230246251552e-16,0,-1.232595164407831e-32,-9.860761315262648e-32,1.000000000000001,0,0.3196266220257502,-0.9475435728727248,-4.930380657631324e-32,0,-36.5,-44.22783132854745,-8.499999999999998,1.0000000000000002],"mesh":18},{"name":"Pyramid 30","matrix":[0.960957016428305,0.2766976916730731,-8.32667268468866e-17,0,0,2.2204460492504546e-16,1.0000000000000637,0,0.27669769167309066,-0.960957016428366,2.22044604925045e-16,0,1140.068512655956,-1478.5337626442306,-8.5,1],"mesh":19},{"name":"Pyramid 29","matrix":[1,0,0,0,0,2.2204460492504314e-16,1.0000000000000535,0,0,-1.0000000000000535,2.2204460492504314e-16,0,1053.2374131488461,-1514.6605649602775,-8.5,1],"mesh":20},{"name":"Pyramid 34","matrix":[0.3685205396202963,-0.9296196060098789,4.996003610813197e-16,0,3.330669073875655e-16,7.771561172376529e-16,1.0000000000000557,0,-0.9296196060099259,-0.3685205396203148,6.661338147751267e-16,0,2386.392479771423,-305.1941482691675,-8.5,1],"mesh":21},{"name":"Pyramid 33","matrix":[0.9556298467458547,0.2945701885943174,-2.7755575615628877e-17,0,0,1.1102230246252184e-16,1.000000000000056,0,0.29457018859433215,-0.9556298467459029,1.110223024625211e-16,0,-45.49348503020204,-2212.6365474737436,-8.5,1],"mesh":22},{"name":"Pyramid 34","matrix":[0.23353605059048224,-0.9723481439662437,-2.331468351712828e-15,0,-4.440892098500864e-16,-2.442490654175475e-15,1.0000000000000535,0,-0.9723481439662937,-0.2335360505904942,-8.881784197001706e-16,0,2434.710123711413,-275.341086782222,-8.5,1],"mesh":23},{"name":"Pyramid 32","matrix":[0.9876536267047853,0.15665348274738128,-5.5511151231257815e-17,0,0,1.110223024625216e-16,1.0000000000000537,0,0.15665348274738952,-0.9876536267048375,1.1102230246252147e-16,0,-71.47005062652931,-2162.1289437305973,-8.5,1],"mesh":24},{"name":"Pyramid 34","matrix":[0.07833100413673554,-0.9969274064799954,-2.0539125955565392e-15,0,1.1102230246252086e-16,-1.9984014443253753e-15,1.0000000000000466,0,-0.9969274064800423,-0.07833100413673909,0,0,2490.5049920288484,-255.11712634056178,-8.5,1],"mesh":25},{"name":"Pyramid 31","matrix":[1,0,0,0,0,2.2204460492504146e-16,1.000000000000046,0,0,-1.000000000000046,2.2204460492504146e-16,0,-87.26140299740598,-2104.9213472349866,-8.5,1],"mesh":26},{"name":"Pyramid 28","matrix":[1,0,0,0,0,2.220446049250364e-16,1.000000000000023,0,0,-1.000000000000023,2.220446049250364e-16,0,178.31266645584037,-1122.2527474170524,-8.5,1],"mesh":27},{"name":"Pyramid 10","matrix":[1,0,0,0,0,2.2204460492503515e-16,1.0000000000000175,0,0,-1.0000000000000175,2.2204460492503515e-16,0,178.31266645584037,-572.7133368802008,-8.5,1],"mesh":28},{"name":"Pyramid 36","matrix":[0.8787552016143042,0.4772727685881561,-2.220446049250313e-16,0,-1.6653345369377575e-16,8.881784197001373e-16,1.0000000000000133,0,0.47727276858816253,-0.8787552016143159,8.881784197001373e-16,0,-498.66489884690054,1338.9518245492475,-8.5,1],"mesh":29},{"name":"Pyramid 39","matrix":[0.3119622270979364,0.9505250569450937,0.00043075790175972037,0,0.00005046933010116672,-0.00046974288057133947,0.9999998883972434,0,0.9497478184136888,-0.3117070494131788,-0.00019435532513667686,0,780.0323516073886,-379.87397405470426,-8.500000000000117,1],"mesh":30},{"name":"Pyramid 6","matrix":[1,0,0,0,0,2.22044604925034e-16,1.0000000000000124,0,0,-1.0000000000000124,2.22044604925034e-16,0,178.31266645584037,-238.36773549706953,-8.5,1],"mesh":31},{"name":"Pyramid 17","matrix":[1,0,0,0,0,2.220446049250396e-16,1.0000000000000375,0,0,-1.0000000000000375,2.220446049250396e-16,0,1175.9776782583795,521.6836464982787,-8.5,1],"mesh":32},{"name":"Pyramid 19","matrix":[1,0,0,0,0,2.220446049250398e-16,1.0000000000000384,0,0,-1.0000000000000384,2.220446049250398e-16,0,799.1870692708733,36.23645618909251,-8.5,1],"mesh":33},{"name":"Pyramid 35","matrix":[0.7042496032394456,-0.7099524606176691,-1.3877787807814453e-15,0,-0.00009780757174393715,-0.00009702190979910172,0.9999999905102329,0,-0.7099524538803859,-0.7042495965562809,-0.000137766367708239,0,2728.3656486626132,-1075.6089537131752,-8.5,1],"mesh":34},{"name":"Pyramid 11","matrix":[1,0,0,0,0,-0.00013776636770735078,0.9999999905102328,0,0,-0.9999999905102328,-0.00013776636770735078,0,884.7574769085527,615.8803394298022,-8.5,1],"mesh":35},{"name":"Pyramid 2","matrix":[1,0,0,0,0,2.220446049250313e-16,1.0000000000000002,0,0,-1.0000000000000002,2.220446049250313e-16,0,47.5,48.77216867145256,-8.5,1],"mesh":36},{"name":"Pyramid 20","matrix":[1,0,0,0,0,2.22044604925036e-16,1.0000000000000213,0,0,-1.0000000000000213,2.22044604925036e-16,0,-925.9525144200716,-251.24142220189236,-8.5,1],"mesh":37},{"name":"Pyramid 25","matrix":[0.9849100731993439,0.1730668879666459,-6.938893903907216e-17,0,1.3877787807816047e-17,0,1.000000000000115,0,0.17306688796666578,-0.9849100731994573,0,0,-1941.2988128284123,-1176.8309110428188,-8.5,1],"mesh":38},{"name":"Pyramid 24","matrix":[1,0,0,0,0,2.220446049250543e-16,1.0000000000001037,0,0,-1.0000000000001037,2.220446049250543e-16,0,-1998.3006179068238,-1185.8869097533782,-8.5,1],"mesh":39},{"name":"Pyramid 23","matrix":[1,0,0,0,0,2.2204460492504423e-16,1.0000000000000584,0,0,-1.0000000000000584,2.2204460492504423e-16,0,-764.8125786522223,-872.3934499506988,-8.5,1],"mesh":40},{"name":"Pyramid 38","matrix":[0.9519143148347115,0.3063643863322806,-5.828670879282051e-16,0,-1.665334536937794e-16,2.3314683517129116e-15,1.0000000000000355,0,0.3063643863322914,-0.951914314834745,2.2204460492503837e-15,0,-828.2302537401224,-1122.6015662971724,-8.499999999999439,1],"mesh":41},{"name":"Pyramid 37","matrix":[0.9832838879744032,0.18207909174294207,-3.885780586188035e-16,0,-2.3592239273285296e-16,3.4416913763380898e-15,1.0000000000000304,0,0.18207909174294803,-0.9832838879744352,3.4416913763380862e-15,0,-706.1768865630787,-967.7383660972482,-8.499999999999963,1],"mesh":42},{"name":"Pyramid 21","matrix":[1,0,0,0,0,2.2204460492503974e-16,1.0000000000000382,0,0,-1.0000000000000382,2.2204460492503974e-16,0,-718.7605150709898,-858.9955693380922,-8.5,1],"mesh":43},{"name":"Pyramid","matrix":[1,0,0,0,0,2.220446049250313e-16,1.0000000000000002,0,0,-1.0000000000000002,2.220446049250313e-16,0,-47.5,21.77216867145256,-8.5,1],"mesh":44},{"name":"Shape 15","matrix":[1,0,0,0,0,1,0,0,0,0,1,0,-2831.625786895385,3265.3450671301803,0,1],"mesh":45},{"name":"Shape 14","matrix":[1,0,0,0,0,1,0,0,0,0,1,0,-1977.4355477595655,2514.578090553211,0,1],"mesh":46},{"name":"Shape 13","matrix":[1,0,0,0,0,1,0,0,0,0,1,0,-2347.5920912060205,2025.6289454597513,0,1],"mesh":47},{"name":"Shape 12","matrix":[1,0,0,0,0,1,0,0,0,0,1,0,-2288.881964201217,2061.7231369423203,0,1],"mesh":48},{"name":"Shape 11","matrix":[1,0,0,0,0,1,0,0,0,0,1,0,-2145.431523748776,1687.6152805016484,0,1],"mesh":49},{"name":"Shape 10","matrix":[1,0,0,0,0,1,0,0,0,0,1,0,-2714.8837011785367,1469.797203260563,0,1],"mesh":50},{"name":"Shape 9","matrix":[1,0,0,0,0,1,0,0,0,0,1,0,-2516.2535847803288,513.3027809064171,0,1],"mesh":51},{"name":"Shape 8","matrix":[1,0,0,0,0,1,0,0,0,0,1,0,-2041.0270406770678,1218.927514443631,0,1],"mesh":52},{"name":"Shape 7","matrix":[1,0,0,0,0,1,0,0,0,0,1,0,-1450.1373354959396,-782.88477256222,0,1],"mesh":53},{"name":"Shape 6","matrix":[1,0,0,0,0,1,0,0,0,0,1,0,-2002.7062399318306,-612.8852407474014,0,1],"mesh":54},{"name":"Shape 5","matrix":[1,0,0,0,0,1,0,0,0,0,1,0,-2674.490895243032,-217.60450484149214,0,1],"mesh":55},{"name":"Shape 4","matrix":[1,0,0,0,0,1,0,0,0,0,1,0,-2513.9678729928123,446.2432997989463,0,1],"mesh":56},{"name":"Shape 3","matrix":[1,0,0,0,0,1,0,0,0,0,1,0,-2474.71588980162,-19.95628667262372,0,1],"mesh":57},{"name":"Shape 2","matrix":[1,0,0,0,0,1,0,0,0,0,1,0,-2316.226920618688,486.9754157863256,0,1],"mesh":58},{"name":"Shape","matrix":[1,0,0,0,0,1,0,0,0,0,1,0,-1850.0641567426278,598.4270207409779,0,1],"mesh":59},{"name":"Shape 21","matrix":[1,0,0,0,0,1,0,0,0,0,1,0,-1427.821035373206,3442.5462401857867,0,1],"mesh":60},{"name":"Shape 20","matrix":[1,0,0,0,0,1,0,0,0,0,1,0,-1749.8895281391428,3047.313961008324,0,1],"mesh":61},{"name":"Shape 19","matrix":[1,0,0,0,0,1,0,0,0,0,1,0,-33.452808143202674,3767.6594871988245,0,1],"mesh":62},{"name":"Shape 18","matrix":[1,0,0,0,0,1,0,0,0,0,1,0,-951.090864302389,3291.1961105163336,0,1],"mesh":63},{"name":"Shape 17","matrix":[1,0,0,0,0,1,0,0,0,0,1,0,-1737.8483135020292,2989.0178058211363,0,1],"mesh":64},{"name":"Shape 16","matrix":[1,0,0,0,0,1,0,0,0,0,1,0,-2656.371015575423,2613.6749240451845,0,1],"mesh":65},{"name":"Shape 29","matrix":[1,0,0,0,0,1,0,0,0,0,1,0,4871.608530527705,1286.5827627000162,0,1],"mesh":66},{"name":"Shape 28","matrix":[1,0,0,0,0,1,0,0,0,0,1,0,4707.976962400971,1730.5259787015743,0,1],"mesh":67},{"name":"Shape 27","matrix":[1,0,0,0,0,1,0,0,0,0,1,0,4552.737609907896,2084.255446542641,0,1],"mesh":68},{"name":"Shape 26","matrix":[1,0,0,0,0,1,0,0,0,0,1,0,4978.648437037398,3015.255895599081,0,1],"mesh":69},{"name":"Shape 25","matrix":[1,0,0,0,0,1,0,0,0,0,1,0,4368.448363457065,2586.9334866006393,0,1],"mesh":70},{"name":"Shape 24","matrix":[1,0,0,0,0,1,0,0,0,0,1,0,4268.870638820639,2889.5252320776135,0,1],"mesh":71},{"name":"Shape 23","matrix":[1,0,0,0,0,1,0,0,0,0,1,0,4202.587203051942,3067.7725390915507,0,1],"mesh":72},{"name":"Shape 22","matrix":[1,0,0,0,0,1,0,0,0,0,1,0,3961.68681783726,3676.877192236029,0,1],"mesh":73},{"name":"Shape 38","matrix":[1,0,0,0,0,1,0,0,0,0,1,0,174.7372139587012,-1195.0885457575905,0,1],"mesh":74},{"name":"Shape 37","matrix":[1,0,0,0,0,1,0,0,0,0,1,0,644.1091912814402,-1015.1254521332753,0,1],"mesh":75},{"name":"Shape 36","matrix":[1,0,0,0,0,1,0,0,0,0,1,0,245.4546697765295,-1166.4213644841875,0,1],"mesh":76},{"name":"Shape 35","matrix":[1,0,0,0,0,1,0,0,0,0,1,0,1704.5561162903257,-837.8011605834804,0,1],"mesh":77},{"name":"Shape 34","matrix":[1,0,0,0,0,1,0,0,0,0,1,0,1674.347130020893,-625.8868975205937,0,1],"mesh":78},{"name":"Shape 33","matrix":[1,0,0,0,0,1,0,0,0,0,1,0,3251.076663598705,-25.964022306689458,0,1],"mesh":79},{"name":"Shape 32","matrix":[1,0,0,0,0,1,0,0,0,0,1,0,3658.2898406464033,118.09489459363499,0,1],"mesh":80},{"name":"Shape 31","matrix":[1,0,0,0,0,1,0,0,0,0,1,0,4462.680569079739,418.9828271075411,0,1],"mesh":81},{"name":"Shape 30","matrix":[1,0,0,0,0,1,0,0,0,0,1,0,4506.0964423349305,440.52969311796926,0,1],"mesh":82},{"name":"Shape","matrix":[1,0,0,0,0,1,0,0,0,0,1,0,1118.9771405016627,3667.110086050694,0,1],"mesh":83},{"name":"Shape 24","matrix":[1,0,0,0,0,1,0,0,0,0,1,0,-709.8337360561982,1370.4510031439515,0,1],"mesh":84},{"name":"Shape 23","matrix":[1,0,0,0,0,1,0,0,0,0,1,0,-1296.0241349563698,1229.2939191688424,0,1],"mesh":85},{"name":"Shape 22","matrix":[1,0,0,0,0,1,0,0,0,0,1,0,-62.8463037239178,2062.3023856805016,0,1],"mesh":86},{"name":"Shape 21","matrix":[1,0,0,0,0,1,0,0,0,0,1,0,-707.6354166113983,1956.5256573203721,0,1],"mesh":87},{"name":"Shape 20","matrix":[1,0,0,0,0,1,0,0,0,0,1,0,-1468.840473011554,1945.6535411993032,0,1],"mesh":88},{"name":"Shape 19","matrix":[1,0,0,0,0,1,0,0,0,0,1,0,-1392.0444300168442,2337.605404171643,0,1],"mesh":89},{"name":"Shape 18","matrix":[1,0,0,0,0,1,0,0,0,0,1,0,-1119.6414644947404,2115.196977159191,0,1],"mesh":90},{"name":"Shape 16","matrix":[1,0,0,0,0,1,0,0,0,0,1,0,-698.7504729964619,2697.9262849996585,0,1],"mesh":91},{"name":"Shape 15","matrix":[1,0,0,0,0,1,0,0,0,0,1,0,-662.5361575498027,2721.709500872478,0,1],"mesh":92},{"name":"Shape 14","matrix":[1,0,0,0,0,1,0,0,0,0,1,0,-263.508132120754,2935.859699603479,0,1],"mesh":93},{"name":"Shape 13","matrix":[1,0,0,0,0,1,0,0,0,0,1,0,-150.9796835622078,2473.198895010405,0,1],"mesh":94},{"name":"Shape 12","matrix":[1,0,0,0,0,1,0,0,0,0,1,0,579.7278835891017,2335.000940310609,0,1],"mesh":95},{"name":"Shape 11","matrix":[1,0,0,0,0,1,0,0,0,0,1,0,533.8192417677275,2836.0657446077166,0,1],"mesh":96},{"name":"Shape 10","matrix":[1,0,0,0,0,1,0,0,0,0,1,0,-7.373527584386693,3073.3213385140143,0,1],"mesh":97},{"name":"Shape 9","matrix":[1,0,0,0,0,1,0,0,0,0,1,0,891.4588138696934,3032.8808460987484,0,1],"mesh":98},{"name":"Shape 8","matrix":[1,0,0,0,0,1,0,0,0,0,1,0,1065.2422843697786,3645.9516037303456,0,1],"mesh":99},{"name":"Shape 7","matrix":[1,0,0,0,0,1,0,0,0,0,1,0,2353.238511732926,3794.842882047449,0,1],"mesh":100},{"name":"Shape 6","matrix":[1,0,0,0,0,1,0,0,0,0,1,0,2438.3185611671715,3633.222081573582,0,1],"mesh":101},{"name":"Shape 5","matrix":[1,0,0,0,0,1,0,0,0,0,1,0,3365.322672956723,3541.099816895487,0,1],"mesh":102},{"name":"Shape 4","matrix":[1,0,0,0,0,1,0,0,0,0,1,0,2626.791466239269,3412.519842919119,0,1],"mesh":103},{"name":"Shape 3","matrix":[1,0,0,0,0,1,0,0,0,0,1,0,2208.7180265751417,2994.6057709510615,0,1],"mesh":104},{"name":"Shape 2","matrix":[1,0,0,0,0,1,0,0,0,0,1,0,2538.77099359384,2677.503415839393,0,1],"mesh":105},{"name":"Shape","matrix":[1,0,0,0,0,1,0,0,0,0,1,0,1970.4827642828977,2752.139504287281,0,1],"mesh":106},{"name":"Shape 29","matrix":[1,0,0,0,0,1,0,0,0,0,1,0,3506.0227086317623,766.68685859399,0,1],"mesh":107},{"name":"Shape 28","matrix":[1,0,0,0,0,1,0,0,0,0,1,0,2917.2269432285093,571.0976554049514,0,1],"mesh":108},{"name":"Shape 27","matrix":[1,0,0,0,0,1,0,0,0,0,1,0,2270.764759557447,333.32391483288893,0,1],"mesh":109},{"name":"Shape 26","matrix":[1,0,0,0,0,1,0,0,0,0,1,0,1438.0059052547986,16.744842937300064,0,1],"mesh":110},{"name":"Shape 25","matrix":[1,0,0,0,0,1,0,0,0,0,1,0,756.3501347870756,-235.48331449695843,0,1],"mesh":111},{"name":"Shape 24","matrix":[1,0,0,0,0,1,0,0,0,0,1,0,3253.3416183784443,2497.612957001632,0,1],"mesh":112},{"name":"Shape 23","matrix":[1,0,0,0,0,1,0,0,0,0,1,0,3686.366202865979,2666.4170601872274,0,1],"mesh":113},{"name":"Shape 22","matrix":[1,0,0,0,0,1,0,0,0,0,1,0,2835.8322044241518,2342.8474807853922,1,1],"mesh":114},{"name":"Shape 21","matrix":[1,0,0,0,0,1,0,0,0,0,1,0,2792.213675165148,2312.1349452125473,0,1],"mesh":115},{"name":"Shape 20","matrix":[1,0,0,0,0,1,0,0,0,0,1,0,2207.2884104453324,1719.486334733147,0,1],"mesh":116},{"name":"Shape 19","matrix":[1,0,0,0,0,1,0,0,0,0,1,0,1004.5894876754146,1146.3922741941608,0,1],"mesh":117},{"name":"Shape 18","matrix":[1,0,0,0,0,1,0,0,0,0,1,0,333.26125512253134,946.9107054897092,0,1],"mesh":118},{"name":"Shape 17","matrix":[1,0,0,0,0,1,0,0,0,0,1,0,-479.2324376283593,714.7378272871242,0,1],"mesh":119},{"name":"Shape 16","matrix":[1,0,0,0,0,1,0,0,0,0,1,0,-807.857456814947,634.6126766096546,0,1],"mesh":120},{"name":"Shape 15","matrix":[1,0,0,0,0,1,0,0,0,0,1,0,-975.7643970555496,-42.014104033758485,0,1],"mesh":121},{"name":"Shape 14","matrix":[1,0,0,0,0,1,0,0,0,0,1,0,-967.4066750471497,-82.44720893662429,0,1],"mesh":122},{"name":"Shape 13","matrix":[1,0,0,0,0,1,0,0,0,0,1,0,-271.10667464245626,16.050617762285356,0,1],"mesh":123},{"name":"Shape 12","matrix":[1,0,0,0,0,1,0,0,0,0,1,0,-746.4406729258617,0,0,1],"mesh":124},{"name":"Shape 39","matrix":[1,0,0,0,0,1,0,0,0,0,1,0,-432.89858355384746,-600.2118748618819,1,1],"mesh":125},{"name":"Shape 11","matrix":[1,0,0,0,0,1,0,0,0,0,1,0,-75.59556228937618,-465.18791729699706,1,1],"mesh":126},{"name":"Shape 10","matrix":[1,0,0,0,0,1,0,0,0,0,1,0,-37.50933156954329,-450.32731955682516,0,1],"mesh":127},{"name":"Shape 9","matrix":[1,0,0,0,0,1,0,0,0,0,1,0,286.51436413468787,-330.9424337683324,0,1],"mesh":128},{"name":"Shape 8","matrix":[1,0,0,0,0,1,0,0,0,0,1,0,3784.7686545174015,1378.607212495323,0,1],"mesh":129},{"name":"Shape 7","matrix":[1,0,0,0,0,1,0,0,0,0,1,0,3571.196524390447,1719.5756675429304,0,1],"mesh":130},{"name":"Shape 6","matrix":[1,0,0,0,0,1,0,0,0,0,1,0,3198.906901587712,1575.3784601302107,0,1],"mesh":131},{"name":"Shape 5","matrix":[1,0,0,0,0,1,0,0,0,0,1,0,2716.038334082829,1398.2049416060408,0,1],"mesh":132},{"name":"Shape 4","matrix":[1,0,0,0,0,1,0,0,0,0,1,0,1971.8193393318525,1118.1963844771349,1.1102230246251565e-16,1],"mesh":133},{"name":"Shape 3","matrix":[1,0,0,0,0,1,0,0,0,0,1,0,1147.3988095466962,804.340910005089,0,1],"mesh":134},{"name":"Shape 2","matrix":[1,0,0,0,0,1,0,0,0,0,1,0,787.7250174324382,663.2446967787703,0,1],"mesh":135},{"name":"Shape","matrix":[1,0,0,0,0,1,0,0,0,0,1,0,467.6622940437662,540.7733425612405,0,1],"mesh":136},{"name":"Shape","matrix":[1,0,0,0,0,1,0,0,0,0,1,0,153.21639926837543,410.65348813008893,0,1],"mesh":137},{"name":"Shape","matrix":[1,0,0,0,0,1,0,0,0,0,1,0,-90.92918395996094,343.9039573669435,0,1],"mesh":138},{"name":"Group","matrix":[-2.5856534809118417,-3.1665122591028277e-16,-3.1665122591028307e-16,0,-3.166512259102753e-16,-5.74130405642089e-16,2.58565348091178,0,-3.166512259102898e-16,2.5856534809117844,1.148260811284176e-15,0,642.616866028094,717.8214003759412,25.999999999999993,1.0000000000000002],"children":[333,334,335,336,337,338,339]},{"name":"APT","matrix":[1,0,0,0,0,1,0,0,0,0,1,0,292.7669025831419,595.768628599244,0,1],"children":[340,341,342]},{"name":"Shape 7","matrix":[1,0,0,0,0,1,0,0,0,0,1,0,-1980.5364734656398,-875.2547491717718,0,1],"mesh":139},{"name":"Shape 6","matrix":[1,0,0,0,0,1,0,0,0,0,1,0,-1689.2864873432488,-1102.9425429912903,0,1],"mesh":140},{"name":"Shape 5","matrix":[1,0,0,0,0,1,0,0,0,0,1,0,-1204.3893411955758,-1260.0509737168427,0,1],"mesh":141},{"name":"Shape 4","matrix":[1,0,0,0,0,1,0,0,0,0,1,0,-1153.1114528103406,-1471.7998270827884,0,1],"mesh":142},{"name":"Shape 3","matrix":[1,0,0,0,0,1,0,0,0,0,1,0,-1533.208372662554,-429.3913918056172,0,1],"mesh":143},{"name":"Shape 2","matrix":[1,0,0,0,0,1,0,0,0,0,1,0,-1870.5043503187665,340.2762218714209,0,1],"mesh":144},{"name":"Shape","matrix":[1,0,0,0,0,1,0,0,0,0,1,0,-1774.7672987898984,187.98136073092218,0,1],"mesh":145},{"name":"Shape 17","matrix":[1,0,0,0,0,1,0,0,0,0,1,0,-2293.5667096514017,2045.9311758741915,0,1],"mesh":146},{"name":"Shape 16","matrix":[1,0,0,0,0,1,0,0,0,0,1,0,-2220.241033113819,1618.0896552251684,0,1],"mesh":147},{"name":"Shape 15","matrix":[1,0,0,0,0,1,0,0,0,0,1,0,-2007.2280898776755,1739.5436675558194,0,1],"mesh":148},{"name":"Shape 14","matrix":[1,0,0,0,0,1,0,0,0,0,1,0,-2385.3477302910032,1202.08402699252,0,1],"mesh":149},{"name":"Shape 13","matrix":[1,0,0,0,0,1,0,0,0,0,1,0,-1843.1050643811438,1426.9858550588112,0,1],"mesh":150},{"name":"Shape 12","matrix":[1,0,0,0,0,1,0,0,0,0,1,0,-1834.0429936231728,858.5090003085771,0,1],"mesh":151},{"name":"Shape 11","matrix":[1,0,0,0,0,1,0,0,0,0,1,0,-2398.714698662242,-609.4093814123463,0,1],"mesh":152},{"name":"Shape 10","matrix":[1,0,0,0,0,1,0,0,0,0,1,0,-1788.4260934397596,-1366.487340787528,0,1],"mesh":153},{"name":"Shape 9","matrix":[1,0,0,0,0,1,0,0,0,0,1,0,-2322.6683768814655,-1099.2322460207502,0,1],"mesh":154},{"name":"Shape 8","matrix":[1,0,0,0,0,1,0,0,0,0,1,0,-2119.545142865615,-249.58567085631,0,1],"mesh":155},{"name":"Shape 26","matrix":[1,0,0,0,0,1,0,0,0,0,1,0,4912.412532077517,1720.4514127914613,0,1],"mesh":156},{"name":"Shape 25","matrix":[1,0,0,0,0,1,0,0,0,0,1,0,4512.009374391133,2062.017766185104,0,1],"mesh":157},{"name":"Shape 24","matrix":[1,0,0,0,0,1,0,0,0,0,1,0,4355.050487523848,2521.128943259385,0,1],"mesh":158},{"name":"Shape 23","matrix":[1,0,0,0,0,1,0,0,0,0,1,0,-147.1078857876928,2767.5428583235084,0,1],"mesh":159},{"name":"Shape 22","matrix":[1,0,0,0,0,1,0,0,0,0,1,0,-694.5268801150798,2454.124195104852,0,1],"mesh":160},{"name":"Shape 21","matrix":[1,0,0,0,0,1,0,0,0,0,1,0,-1313.8315557363555,2279.208197335217,0,1],"mesh":161},{"name":"Shape 20","matrix":[1,0,0,0,0,1,0,0,0,0,1,0,-1632.0546804689486,2733.9234958186194,0,1],"mesh":162},{"name":"Shape 19","matrix":[1,0,0,0,0,1,0,0,0,0,1,0,-2428.520723392032,2532.6532482711573,0,1],"mesh":163},{"name":"Shape 18","matrix":[1,0,0,0,0,1,0,0,0,0,1,0,-2105.7869874399294,2463.5401926263326,0,1],"mesh":164},{"name":"Shape 33","matrix":[1,0,0,0,0,1,0,0,0,0,1,0,1719.520100269725,-1423.4136445312047,0,1],"mesh":165},{"name":"Shape 32","matrix":[1,0,0,0,0,1,0,0,0,0,1,0,2090.424631199431,-1282.821078788238,0,1],"mesh":166},{"name":"Shape 31","matrix":[1,0,0,0,0,1,0,0,0,0,1,0,3526.0006037285093,-730.8289517538389,0,1],"mesh":167},{"name":"Shape 30","matrix":[1,0,0,0,0,1,0,0,0,0,1,0,4859.429746384656,-240.41615925503322,0,1],"mesh":168},{"name":"Shape 29","matrix":[1,0,0,0,0,1,0,0,0,0,1,0,4221.398539548763,-499.91899407404287,0,1],"mesh":169},{"name":"Shape 28","matrix":[1,0,0,0,0,1,0,0,0,0,1,0,4963.063422389339,873.6869087659632,0,1],"mesh":170},{"name":"Shape 27","matrix":[1,0,0,0,0,1,0,0,0,0,1,0,5191.863510364669,2278.27540592024,0,1],"mesh":171},{"name":"Shape 13","matrix":[1,0,0,0,0,1,0,0,0,0,1,0,2371.2346737700336,-691.863352570694,0,1],"mesh":172},{"name":"Shape","matrix":[1,0,0,0,0,1,0,0,0,0,1,0,194.344579991297,-758.6561675562353,0,1],"mesh":173},{"name":"Shape","matrix":[1,0,0,0,0,1,0,0,0,0,1,0,2743.4925523496513,-687.2435832660268,0,1],"mesh":174},{"name":"Shape 5","matrix":[1,0,0,0,0,1,0,0,0,0,1,0,3956.9120260016116,1049.4530628670702,0,1],"mesh":175},{"name":"Shape 4","matrix":[1,0,0,0,0,1,0,0,0,0,1,0,3207.045967058003,608.448913939824,0,1],"mesh":176},{"name":"Shape 2","matrix":[1,0,0,0,0,1,0,0,0,0,1,0,4255.152347242614,202.2315076384798,0,1],"mesh":177},{"name":"Shape 12","matrix":[1,0,0,0,0,1,0,0,0,0,1,0,3797.8571875982234,-186.331743903527,0,1],"mesh":178},{"name":"Shape 8","matrix":[1,0,0,0,0,1,0,0,0,0,1,0,4538.924322678551,753.9828755102321,0,1],"mesh":179},{"name":"Shape 3","matrix":[1,0,0,0,0,1,0,0,0,0,1,0,4631.601978222203,362.02622285023506,0,1],"mesh":180},{"name":"Shape 11","matrix":[1,0,0,0,0,1,0,0,0,0,1,0,3344.087387857411,-370.3628655653787,0,1],"mesh":181},{"name":"Shape 10","matrix":[1,0,0,0,0,1,0,0,0,0,1,0,3215.0222232577726,-421.00450343267664,0,1],"mesh":182},{"name":"Shape 9","matrix":[1,0,0,0,0,1,0,0,0,0,1,0,3017.293037359438,411.3331584712421,0,1],"mesh":183},{"name":"Shape 7","matrix":[1,0,0,0,0,1,0,0,0,0,1,0,3742.450503854753,507.15334966927713,0,1],"mesh":184},{"name":"Shape 20","matrix":[1,0,0,0,0,1,0,0,0,0,1,0,306.9990267527146,-432.3499357984484,0,1],"mesh":185},{"name":"Shape 15","matrix":[1,0,0,0,0,1,0,0,0,0,1,0,500.3793225646324,-1076.3027161724908,0,1],"mesh":186},{"name":"Shape 21","matrix":[1,0,0,0,0,1,0,0,0,0,1,0,681.2152522546287,-401.3763252074509,0,1],"mesh":187},{"name":"Shape 22","matrix":[1,0,0,0,0,1,0,0,0,0,1,0,600.62389491002,2565.1970373315085,0,1],"mesh":188},{"name":"Shape 61","matrix":[1,0,0,0,0,1,0,0,0,0,1,0,-145.2676382535185,1576.669521340983,0,1],"mesh":189},{"name":"Shape 30","matrix":[1,0,0,0,0,1,0,0,0,0,1,0,-541.5348478461522,-78.34188177384249,0,1],"mesh":190},{"name":"Shape 45","matrix":[1,0,0,0,0,1,0,0,0,0,1,0,-722.0473447667334,306.97228626662394,0,1],"mesh":191},{"name":"Shape 35","matrix":[1,0,0,0,0,1,0,0,0,0,1,0,-520.7750379228667,153.6415815639586,0,1],"mesh":192},{"name":"Shape 69","matrix":[1,0,0,0,0,1,0,0,0,0,1,0,4300.018507183977,1720.0332002686291,0,1],"mesh":193},{"name":"Shape 61","matrix":[1,0,0,0,0,1,0,0,0,0,1,0,3012.9322387576913,8.897744858798546,0,1],"mesh":194},{"name":"Shape 75","matrix":[1,0,0,0,0,1,0,0,0,0,1,0,692.8465902881009,1354.6421565839107,0,1],"mesh":195},{"name":"Shape 73","matrix":[1,0,0,0,0,1,0,0,0,0,1,0,374.5664251101273,1698.1468947190301,0,1],"mesh":196},{"name":"Shape 72","matrix":[1,0,0,0,0,1,0,0,0,0,1,0,247.4733207486231,1632.9536216804413,0,1],"mesh":197},{"name":"Shape 71","matrix":[1,0,0,0,0,1,0,0,0,0,1,0,1325.8954372258727,2935.5715527113257,0,1],"mesh":198},{"name":"Shape 79","matrix":[1,0,0,0,0,1,0,0,0,0,1,0,2042.159669921517,2759.0668865371363,0,1],"mesh":199},{"name":"Shape 78","matrix":[1,0,0,0,0,1,0,0,0,0,1,0,1579.337544138824,2538.575940911659,0,1],"mesh":200},{"name":"Shape 77","matrix":[0.9959187698390799,0.09025410728716783,0,0,-0.09025410728716783,0.9959187698390799,0,0,0,0,1,0,1715.93505871215,2394.6532371421868,0,1],"mesh":201},{"name":"Shape 76","matrix":[1,0,0,0,0,1,0,0,0,0,1,0,1790.1605022752442,2109.1027875226087,0,1],"mesh":202},{"name":"Shape 74","matrix":[1,0,0,0,0,1,0,0,0,0,1,0,788.0014612712183,1609.9341219408284,0,1],"mesh":203},{"name":"Shape 70","matrix":[1,0,0,0,0,1,0,0,0,0,1,0,199.90858135619715,2335.3987484744925,0,1],"mesh":204},{"name":"Shape 74","matrix":[1,0,0,0,0,1,0,0,0,0,1,0,1466.430761646972,592.1021715231625,0,1],"mesh":205},{"name":"Shape 73","matrix":[1,0,0,0,0,1,0,0,0,0,1,0,2180.463198626416,1738.2310682140755,0,1],"mesh":206},{"name":"Shape 72","matrix":[1,0,0,0,0,1,0,0,0,0,1,0,2021.4656937850295,1783.914875406087,0,1],"mesh":207},{"name":"Shape 71","matrix":[1,0,0,0,0,1,0,0,0,0,1,0,2229.618652665424,1461.4733063038416,0,1],"mesh":208},{"name":"Shape 70","matrix":[1,0,0,0,0,1,0,0,0,0,1,0,1730.0379071387908,1105.780422214674,0,1],"mesh":209},{"name":"Shape 67","matrix":[1,0,0,0,0,1,0,0,0,0,1,0,3673.396436871477,1448.170651440504,0,1],"mesh":210},{"name":"Shape 66","matrix":[1,0,0,0,0,1,0,0,0,0,1,0,3305.1513868005204,2710.9574239772546,0,1],"mesh":211},{"name":"Shape 65","matrix":[1,0,0,0,0,1,0,0,0,0,1,0,3182.820850974992,2429.988821342805,0,1],"mesh":212},{"name":"Shape 64","matrix":[1,0,0,0,0,1,0,0,0,0,1,0,3229.5168720019537,1227.6756181576168,0,1],"mesh":213},{"name":"Shape 63","matrix":[1,0,0,0,0,1,0,0,0,0,1,0,3367.9910662342472,1056.5228387963186,0,1],"mesh":214},{"name":"Shape 62","matrix":[1,0,0,0,0,1,0,0,0,0,1,0,3468.98031004882,1777.9167923841192,0,1],"mesh":215},{"name":"Shape 71","matrix":[1,0,0,0,0,1,0,0,0,0,1,0,4182.018507183977,2036.0332002686291,0,1],"mesh":216},{"name":"Shape 70","matrix":[1,0,0,0,0,1,0,0,0,0,1,0,4354.018507183977,1567.0332002686291,0,1],"mesh":217},{"name":"Shape 72","matrix":[1,0,0,0,0,1,0,0,0,0,1,0,4300.018507183977,1720.0332002686291,0,1],"mesh":218},{"name":"Shape 68","matrix":[1,0,0,0,0,1,0,0,0,0,1,0,4241.018507183977,1872.0332002686291,0,1],"mesh":219},{"name":"Shape 64","matrix":[1,0,0,0,0,1,0,0,0,0,1,0,1082.885374735506,1697.5083305688954,0,1],"mesh":220},{"name":"Shape 63","matrix":[1,0,0,0,0,1,0,0,0,0,1,0,871.6314760323054,2109.9964195027574,0,1],"mesh":221},{"name":"Shape 53","matrix":[1,0,0,0,0,1,0,0,0,0,1,0,-1.3949119699780113,1254.8308491050302,0,1],"mesh":222},{"name":"Shape 62","matrix":[1,0,0,0,0,1,0,0,0,0,1,0,1152.0751295372743,1374.2765827199153,0,1],"mesh":223},{"name":"Shape 61","matrix":[1,0,0,0,0,1,0,0,0,0,1,0,557.4988154377387,1489.7818226393988,0,1],"mesh":224},{"name":"Shape 60","matrix":[1,0,0,0,0,0.9999998245842707,0.0005923102462228155,0,0,-0.0005923102462228155,0.9999998245842707,0,580.839021384805,2005.7615375781297,0,1],"mesh":225},{"name":"Shape 58","matrix":[1,0,0,0,0,1,0,0,0,0,1,0,163.4501623516885,2086.352602844927,0,1],"mesh":226},{"name":"Shape 56","matrix":[1,0,0,0,0,1,0,0,0,0,1,0,56.96247390387657,951.5194984034287,0,1],"mesh":227},{"name":"Shape 55","matrix":[1,0,0,0,0,1,0,0,0,0,1,0,185.04715122006655,986.2593752133694,0,1],"mesh":228},{"name":"Shape 54","matrix":[1,0,0,0,0,1,0,0,0,0,1,0,-234.67667208111857,1905.6220503895424,0,1],"mesh":229},{"name":"Shape 52","matrix":[1,0,0,0,0,1,0,0,0,0,1,0,-431.7706311206455,1045.4835471111144,0,1],"mesh":230},{"name":"Shape 51","matrix":[1,0,0,0,0,1,0,0,0,0,1,0,-237.33860013761932,1392.3082353453854,0,1],"mesh":231},{"name":"Shape 50","matrix":[1,0,0,0,0,1,0,0,0,0,1,0,-643.4305245973753,1899.099481063488,0,1],"mesh":232},{"name":"Shape 49","matrix":[1,0,0,0,0,1,0,0,0,0,1,0,-577.5487470146156,1197.2390463610284,0,1],"mesh":233},{"name":"Shape 48","matrix":[1,0,0,0,0,1,0,0,0,0,1,0,-1175.397299798428,1606.4216883916185,0,1],"mesh":234},{"name":"Shape 47","matrix":[1,0,0,0,0,1,0,0,0,0,1,0,-925.3208216470355,1018.2831732682365,0,1],"mesh":235},{"name":"Shape 46","matrix":[1,0,0,0,0,1,0,0,0,0,1,0,-644.5757923127424,779.5071694516473,0,1],"mesh":236},{"name":"Shape 42","matrix":[1,0,0,0,0,1,0,0,0,0,1,0,1763.6651530494344,-1075.4993082582173,0,1],"mesh":237},{"name":"Shape 40","matrix":[1,0,0,0,0,1,0,0,0,0,1,0,-242.06427811021535,-617.6222423341377,0,1],"mesh":238},{"name":"Shape 37","matrix":[1,0,0,0,0,1,0,0,0,0,1,0,-977.394359013512,490.4416240087486,0,1],"mesh":239},{"name":"Shape 36","matrix":[1,0,0,0,0,1,0,0,0,0,1,0,-1095.9003227655496,497.3233510281134,0,1],"mesh":240},{"name":"Shape 33","matrix":[1,0,0,0,0,1,0,0,0,0,1,0,-832.1918821327907,-155.507397142414,0,1],"mesh":241},{"name":"Shape 44","matrix":[1,0,0,0,0,1,0,0,0,0,1,0,1659.5739436998558,-234.67799845995637,0,1],"mesh":242},{"name":"Shape 43","matrix":[1,0,0,0,0,1,0,0,0,0,1,0,1489.430245638914,-293.18403367030965,0,1],"mesh":243},{"name":"Shape 32","matrix":[1,0,0,0,0,1,0,0,0,0,1,0,1948.666307356022,-600.5939173256678,0,1],"mesh":244},{"name":"Shape 27","matrix":[1,0,0,0,0,1,0,0,0,0,1,0,1509.0255802173208,-664.4166880097047,0,1],"mesh":245},{"name":"Shape 26","matrix":[1,0,0,0,0,1,0,0,0,0,1,0,1279.8084155462363,-847.115584558709,0,1],"mesh":246},{"name":"Shape 25","matrix":[1,0,0,0,0,1,0,0,0,0,1,0,1107.7575571623042,-1409.5825236715823,0,1],"mesh":247},{"name":"Shape 22","matrix":[1,0,0,0,0,1,0,0,0,0,1,0,931.5604218567876,-892.3214597349491,0,1],"mesh":248},{"name":"Shape 31","matrix":[1,0,0,0,0,1,0,0,0,0,1,0,1000.6616215786662,-63.95058740199306,0,1],"mesh":249},{"name":"Shape 29","matrix":[1,0,0,0,0,1,0,0,0,0,1,0,1340.5432751379421,70.480798395796,0,1],"mesh":250},{"name":"Shape 28","matrix":[1,0,0,0,0,1,0,0,0,0,1,0,790.8447780418419,-149.6737115219462,0,1],"mesh":251},{"name":"Shape 43","matrix":[1,0,0,0,0,1,0,0,0,0,1,0,1726.3627032220156,-20.89926966840403,0,1],"mesh":252},{"name":"Shape 43","matrix":[1,0,0,0,0,1,0,0,0,0,1,0,1869.1355996901596,64.64703048524905,0,1],"mesh":253},{"name":"Shape 51","matrix":[1,0,0,0,0,1,0,0,0,0,1,0,2989.549792989591,2696.3892367591584,0,1],"mesh":254},{"name":"Shape 44","matrix":[1,0,0,0,0,1,0,0,0,0,1,0,2415.4679229237013,2288.3854603507634,0,1],"mesh":255},{"name":"Shape 43","matrix":[1,0,0,0,0,1,0,0,0,0,1,0,2360.5431640132565,2214.3834621586357,0,1],"mesh":256},{"name":"Shape 41","matrix":[1,0,0,0,0,1,0,0,0,0,1,0,2171.7524610995497,2032.9283739346774,0,1],"mesh":257},{"name":"Shape 39","matrix":[1,0,0,0,0,1,0,0,0,0,1,0,2598.4816037242163,1972.3046691726763,0,1],"mesh":258},{"name":"Shape 38","matrix":[1,0,0,0,0,1,0,0,0,0,1,0,2396.6543394850614,1781.9260379842958,0,1],"mesh":259},{"name":"Shape 24","matrix":[1,0,0,0,0,1,0,0,0,0,1,0,2720.199151842171,1470.6468181289592,0,1],"mesh":260},{"name":"Shape 23","matrix":[1,0,0,0,0,1,0,0,0,0,1,0,2673.2500484196944,1514.910448973501,0,1],"mesh":261},{"name":"Shape 50","matrix":[1,0,0,0,0,1,0,0,0,0,1,0,3759.2502474222692,2266.706388577188,0,1],"mesh":262},{"name":"Shape 49","matrix":[1,0,0,0,0,1,0,0,0,0,1,0,3597.970162047268,2071.1654602160074,0,1],"mesh":263},{"name":"Shape 48","matrix":[1,0,0,0,0,1,0,0,0,0,1,0,3110.962417949523,2078.290736762566,0,1],"mesh":264},{"name":"Shape 47","matrix":[1,0,0,0,0,1,0,0,0,0,1,0,2785.434874185231,1964.9525457297368,0,1],"mesh":265},{"name":"Shape 46","matrix":[1,0,0,0,0,1,0,0,0,0,1,0,2820.3903821175777,2311.8016147457847,0,1],"mesh":266},{"name":"Shape 45","matrix":[1,0,0,0,0,1,0,0,0,0,1,0,2730.9224778005637,2587.938988799318,0,1],"mesh":267},{"name":"Shape 19","matrix":[1,0,0,0,0,1,0,0,0,0,1,0,-484.2302493623886,-779.0066777277024,0,1],"mesh":268},{"name":"Shape 3","matrix":[1,0,0,0,0,1,0,0,0,0,1,0,324.76262752203775,-1619.5385891662581,0,1],"mesh":269},{"name":"Shape 18","matrix":[1,0,0,0,0,1,0,0,0,0,1,0,759.3534164998707,-1016.7610148189098,0,1],"mesh":270},{"name":"Shape 10","matrix":[1,0,0,0,0,1,0,0,0,0,1,0,509.08330193217733,-1546.7876451185223,0,1],"mesh":271},{